-7.595418021082878113e-03
-1.203115098178386688e-02
1.058841943740844727e-01
9.027864038944244385e-02
-4.020089656114578247e-02
3.022843003273010254e-01
2.481745183467864990e-01
-4.456364735960960388e-02
4.168113321065902710e-02
-3.535294160246849060e-02
-3.682032227516174316e-02
-2.072076685726642609e-02
1.534827798604965210e-01
2.461898177862167358e-01
1.849025040864944458e-01
6.101506575942039490e-02
-3.084164857864379883e-02
-3.532287478446960449e-02
-3.833964467048645020e-02
-9.477172978222370148e-03
7.354341913014650345e-03
-6.931477691978216171e-03
-4.968129098415374756e-02
1.821166574954986572e-01
1.552452296018600464e-01
